scenario	maximum_symptom_onset_time	susceptible_population_proportion	antiviral_coverage_time	antiviral_success_rate	hospital_success_without_antiviral	hospital_success_with_antiviral	hospital_beds_per_person	antiviral_doses_per_person	hospital_stay_duration_min	hospital_stay_duration_max
151	120.0	0.25	15.0	0.5	0.3	0.5	0.001	0.2	2.0	5.0
152	60.0	0.5	15.0	0.5	0.3	0.5	0.001	0.2	2.0	5.0
153	120.0	0.5	15.0	0.5	0.3	0.5	0.001	0.2	2.0	5.0
154	60.0	0.75	15.0	0.5	0.3	0.5	0.001	0.2	2.0	5.0
155	120.0	0.75	15.0	0.5	0.3	0.5	0.001	0.2	2.0	5.0
156	60.0	0.25	10.0	0.8	0.3	0.5	0.001	0.2	2.0	5.0
157	120.0	0.25	10.0	0.8	0.3	0.5	0.001	0.2	2.0	5.0
158	60.0	0.5	10.0	0.8	0.3	0.5	0.001	0.2	2.0	5.0
159	120.0	0.5	10.0	0.8	0.3	0.5	0.001	0.2	2.0	5.0
160	60.0	0.75	10.0	0.8	0.3	0.5	0.001	0.2	2.0	5.0
161	120.0	0.75	10.0	0.8	0.3	0.5	0.001	0.2	2.0	5.0
162	60.0	0.25	15.0	0.8	0.3	0.5	0.001	0.2	2.0	5.0
163	120.0	0.25	15.0	0.8	0.3	0.5	0.001	0.2	2.0	5.0
164	60.0	0.5	15.0	0.8	0.3	0.5	0.001	0.2	2.0	5.0
165	120.0	0.5	15.0	0.8	0.3	0.5	0.001	0.2	2.0	5.0
166	60.0	0.75	15.0	0.8	0.3	0.5	0.001	0.2	2.0	5.0
167	120.0	0.75	15.0	0.8	0.3	0.5	0.001	0.2	2.0	5.0
168	60.0	0.25	10.0	0.5	5.0	0.75	0.001	0.2	2.0	5.0
169	120.0	0.25	10.0	0.5	5.0	0.75	0.001	0.2	2.0	5.0
170	60.0	0.5	10.0	0.5	5.0	0.75	0.001	0.2	2.0	5.0
171	120.0	0.5	10.0	0.5	5.0	0.75	0.001	0.2	2.0	5.0
172	60.0	0.75	10.0	0.5	5.0	0.75	0.001	0.2	2.0	5.0
173	120.0	0.75	10.0	0.5	5.0	0.75	0.001	0.2	2.0	5.0
174	60.0	0.25	15.0	0.5	5.0	0.75	0.001	0.2	2.0	5.0
175	120.0	0.25	15.0	0.5	5.0	0.75	0.001	0.2	2.0	5.0
176	60.0	0.5	15.0	0.5	5.0	0.75	0.001	0.2	2.0	5.0
177	120.0	0.5	15.0	0.5	5.0	0.75	0.001	0.2	2.0	5.0
178	60.0	0.75	15.0	0.5	5.0	0.75	0.001	0.2	2.0	5.0
179	120.0	0.75	15.0	0.5	5.0	0.75	0.001	0.2	2.0	5.0
180	60.0	0.25	10.0	0.8	5.0	0.75	0.001	0.2	2.0	5.0
181	120.0	0.25	10.0	0.8	5.0	0.75	0.001	0.2	2.0	5.0
182	60.0	0.5	10.0	0.8	5.0	0.75	0.001	0.2	2.0	5.0
183	120.0	0.5	10.0	0.8	5.0	0.75	0.001	0.2	2.0	5.0
184	60.0	0.75	10.0	0.8	5.0	0.75	0.001	0.2	2.0	5.0
185	120.0	0.75	10.0	0.8	5.0	0.75	0.001	0.2	2.0	5.0
186	60.0	0.25	15.0	0.8	5.0	0.75	0.001	0.2	2.0	5.0
187	120.0	0.25	15.0	0.8	5.0	0.75	0.001	0.2	2.0	5.0
188	60.0	0.5	15.0	0.8	5.0	0.75	0.001	0.2	2.0	5.0
189	120.0	0.5	15.0	0.8	5.0	0.75	0.001	0.2	2.0	5.0
190	60.0	0.75	15.0	0.8	5.0	0.75	0.001	0.2	2.0	5.0
191	120.0	0.75	15.0	0.8	5.0	0.75	0.001	0.2	2.0	5.0
192	60.0	0.25	10.0	0.5	0.3	0.5	0.003	0.2	2.0	5.0
193	120.0	0.25	10.0	0.5	0.3	0.5	0.003	0.2	2.0	5.0
194	60.0	0.5	10.0	0.5	0.3	0.5	0.003	0.2	2.0	5.0
195	120.0	0.5	10.0	0.5	0.3	0.5	0.003	0.2	2.0	5.0
196	60.0	0.75	10.0	0.5	0.3	0.5	0.003	0.2	2.0	5.0
197	120.0	0.75	10.0	0.5	0.3	0.5	0.003	0.2	2.0	5.0
198	60.0	0.25	15.0	0.5	0.3	0.5	0.003	0.2	2.0	5.0
199	120.0	0.25	15.0	0.5	0.3	0.5	0.003	0.2	2.0	5.0
200	60.0	0.5	15.0	0.5	0.3	0.5	0.003	0.2	2.0	5.0
201	120.0	0.5	15.0	0.5	0.3	0.5	0.003	0.2	2.0	5.0
202	60.0	0.75	15.0	0.5	0.3	0.5	0.003	0.2	2.0	5.0
203	120.0	0.75	15.0	0.5	0.3	0.5	0.003	0.2	2.0	5.0
204	60.0	0.25	10.0	0.8	0.3	0.5	0.003	0.2	2.0	5.0
205	120.0	0.25	10.0	0.8	0.3	0.5	0.003	0.2	2.0	5.0
206	60.0	0.5	10.0	0.8	0.3	0.5	0.003	0.2	2.0	5.0
207	120.0	0.5	10.0	0.8	0.3	0.5	0.003	0.2	2.0	5.0
208	60.0	0.75	10.0	0.8	0.3	0.5	0.003	0.2	2.0	5.0
209	120.0	0.75	10.0	0.8	0.3	0.5	0.003	0.2	2.0	5.0
210	60.0	0.25	15.0	0.8	0.3	0.5	0.003	0.2	2.0	5.0
211	120.0	0.25	15.0	0.8	0.3	0.5	0.003	0.2	2.0	5.0
212	60.0	0.5	15.0	0.8	0.3	0.5	0.003	0.2	2.0	5.0
213	120.0	0.5	15.0	0.8	0.3	0.5	0.003	0.2	2.0	5.0
214	60.0	0.75	15.0	0.8	0.3	0.5	0.003	0.2	2.0	5.0
215	120.0	0.75	15.0	0.8	0.3	0.5	0.003	0.2	2.0	5.0
216	60.0	0.25	10.0	0.5	5.0	0.75	0.003	0.2	2.0	5.0
217	120.0	0.25	10.0	0.5	5.0	0.75	0.003	0.2	2.0	5.0
218	60.0	0.5	10.0	0.5	5.0	0.75	0.003	0.2	2.0	5.0
219	120.0	0.5	10.0	0.5	5.0	0.75	0.003	0.2	2.0	5.0
220	60.0	0.75	10.0	0.5	5.0	0.75	0.003	0.2	2.0	5.0
221	120.0	0.75	10.0	0.5	5.0	0.75	0.003	0.2	2.0	5.0
222	60.0	0.25	15.0	0.5	5.0	0.75	0.003	0.2	2.0	5.0
223	120.0	0.25	15.0	0.5	5.0	0.75	0.003	0.2	2.0	5.0
224	60.0	0.5	15.0	0.5	5.0	0.75	0.003	0.2	2.0	5.0
225	120.0	0.5	15.0	0.5	5.0	0.75	0.003	0.2	2.0	5.0
226	60.0	0.75	15.0	0.5	5.0	0.75	0.003	0.2	2.0	5.0
227	120.0	0.75	15.0	0.5	5.0	0.75	0.003	0.2	2.0	5.0
228	60.0	0.25	10.0	0.8	5.0	0.75	0.003	0.2	2.0	5.0
229	120.0	0.25	10.0	0.8	5.0	0.75	0.003	0.2	2.0	5.0
230	60.0	0.5	10.0	0.8	5.0	0.75	0.003	0.2	2.0	5.0
231	120.0	0.5	10.0	0.8	5.0	0.75	0.003	0.2	2.0	5.0
232	60.0	0.75	10.0	0.8	5.0	0.75	0.003	0.2	2.0	5.0
233	120.0	0.75	10.0	0.8	5.0	0.75	0.003	0.2	2.0	5.0
234	60.0	0.25	15.0	0.8	5.0	0.75	0.003	0.2	2.0	5.0
235	120.0	0.25	15.0	0.8	5.0	0.75	0.003	0.2	2.0	5.0
236	60.0	0.5	15.0	0.8	5.0	0.75	0.003	0.2	2.0	5.0
237	120.0	0.5	15.0	0.8	5.0	0.75	0.003	0.2	2.0	5.0
238	60.0	0.75	15.0	0.8	5.0	0.75	0.003	0.2	2.0	5.0
239	120.0	0.75	15.0	0.8	5.0	0.75	0.003	0.2	2.0	5.0
240	60.0	0.25	10.0	0.5	0.3	0.5	0.005	0.2	2.0	5.0
241	120.0	0.25	10.0	0.5	0.3	0.5	0.005	0.2	2.0	5.0
242	60.0	0.5	10.0	0.5	0.3	0.5	0.005	0.2	2.0	5.0
243	120.0	0.5	10.0	0.5	0.3	0.5	0.005	0.2	2.0	5.0
244	60.0	0.75	10.0	0.5	0.3	0.5	0.005	0.2	2.0	5.0
245	120.0	0.75	10.0	0.5	0.3	0.5	0.005	0.2	2.0	5.0
246	60.0	0.25	15.0	0.5	0.3	0.5	0.005	0.2	2.0	5.0
247	120.0	0.25	15.0	0.5	0.3	0.5	0.005	0.2	2.0	5.0
248	60.0	0.5	15.0	0.5	0.3	0.5	0.005	0.2	2.0	5.0
249	120.0	0.5	15.0	0.5	0.3	0.5	0.005	0.2	2.0	5.0
250	60.0	0.75	15.0	0.5	0.3	0.5	0.005	0.2	2.0	5.0
251	120.0	0.75	15.0	0.5	0.3	0.5	0.005	0.2	2.0	5.0
252	60.0	0.25	10.0	0.8	0.3	0.5	0.005	0.2	2.0	5.0
253	120.0	0.25	10.0	0.8	0.3	0.5	0.005	0.2	2.0	5.0
254	60.0	0.5	10.0	0.8	0.3	0.5	0.005	0.2	2.0	5.0
255	120.0	0.5	10.0	0.8	0.3	0.5	0.005	0.2	2.0	5.0
256	60.0	0.75	10.0	0.8	0.3	0.5	0.005	0.2	2.0	5.0
257	120.0	0.75	10.0	0.8	0.3	0.5	0.005	0.2	2.0	5.0
258	60.0	0.25	15.0	0.8	0.3	0.5	0.005	0.2	2.0	5.0
259	120.0	0.25	15.0	0.8	0.3	0.5	0.005	0.2	2.0	5.0
260	60.0	0.5	15.0	0.8	0.3	0.5	0.005	0.2	2.0	5.0
261	120.0	0.5	15.0	0.8	0.3	0.5	0.005	0.2	2.0	5.0
262	60.0	0.75	15.0	0.8	0.3	0.5	0.005	0.2	2.0	5.0
263	120.0	0.75	15.0	0.8	0.3	0.5	0.005	0.2	2.0	5.0
264	60.0	0.25	10.0	0.5	5.0	0.75	0.005	0.2	2.0	5.0
265	120.0	0.25	10.0	0.5	5.0	0.75	0.005	0.2	2.0	5.0
266	60.0	0.5	10.0	0.5	5.0	0.75	0.005	0.2	2.0	5.0
267	120.0	0.5	10.0	0.5	5.0	0.75	0.005	0.2	2.0	5.0
268	60.0	0.75	10.0	0.5	5.0	0.75	0.005	0.2	2.0	5.0
269	120.0	0.75	10.0	0.5	5.0	0.75	0.005	0.2	2.0	5.0
270	60.0	0.25	15.0	0.5	5.0	0.75	0.005	0.2	2.0	5.0
271	120.0	0.25	15.0	0.5	5.0	0.75	0.005	0.2	2.0	5.0
272	60.0	0.5	15.0	0.5	5.0	0.75	0.005	0.2	2.0	5.0
273	120.0	0.5	15.0	0.5	5.0	0.75	0.005	0.2	2.0	5.0
274	60.0	0.75	15.0	0.5	5.0	0.75	0.005	0.2	2.0	5.0
275	120.0	0.75	15.0	0.5	5.0	0.75	0.005	0.2	2.0	5.0
276	60.0	0.25	10.0	0.8	5.0	0.75	0.005	0.2	2.0	5.0
277	120.0	0.25	10.0	0.8	5.0	0.75	0.005	0.2	2.0	5.0
278	60.0	0.5	10.0	0.8	5.0	0.75	0.005	0.2	2.0	5.0
279	120.0	0.5	10.0	0.8	5.0	0.75	0.005	0.2	2.0	5.0
280	60.0	0.75	10.0	0.8	5.0	0.75	0.005	0.2	2.0	5.0
281	120.0	0.75	10.0	0.8	5.0	0.75	0.005	0.2	2.0	5.0
282	60.0	0.25	15.0	0.8	5.0	0.75	0.005	0.2	2.0	5.0
283	120.0	0.25	15.0	0.8	5.0	0.75	0.005	0.2	2.0	5.0
284	60.0	0.5	15.0	0.8	5.0	0.75	0.005	0.2	2.0	5.0
285	120.0	0.5	15.0	0.8	5.0	0.75	0.005	0.2	2.0	5.0
286	60.0	0.75	15.0	0.8	5.0	0.75	0.005	0.2	2.0	5.0
287	120.0	0.75	15.0	0.8	5.0	0.75	0.005	0.2	2.0	5.0
288	60.0	0.25	10.0	0.5	0.3	0.5	0.001	0.5	2.0	5.0
289	120.0	0.25	10.0	0.5	0.3	0.5	0.001	0.5	2.0	5.0
290	60.0	0.5	10.0	0.5	0.3	0.5	0.001	0.5	2.0	5.0
291	120.0	0.5	10.0	0.5	0.3	0.5	0.001	0.5	2.0	5.0
292	60.0	0.75	10.0	0.5	0.3	0.5	0.001	0.5	2.0	5.0
293	120.0	0.75	10.0	0.5	0.3	0.5	0.001	0.5	2.0	5.0
294	60.0	0.25	15.0	0.5	0.3	0.5	0.001	0.5	2.0	5.0
295	120.0	0.25	15.0	0.5	0.3	0.5	0.001	0.5	2.0	5.0
296	60.0	0.5	15.0	0.5	0.3	0.5	0.001	0.5	2.0	5.0
297	120.0	0.5	15.0	0.5	0.3	0.5	0.001	0.5	2.0	5.0
298	60.0	0.75	15.0	0.5	0.3	0.5	0.001	0.5	2.0	5.0
299	120.0	0.75	15.0	0.5	0.3	0.5	0.001	0.5	2.0	5.0
300	60.0	0.25	10.0	0.8	0.3	0.5	0.001	0.5	2.0	5.0
301	120.0	0.25	10.0	0.8	0.3	0.5	0.001	0.5	2.0	5.0
302	60.0	0.5	10.0	0.8	0.3	0.5	0.001	0.5	2.0	5.0
303	120.0	0.5	10.0	0.8	0.3	0.5	0.001	0.5	2.0	5.0
304	60.0	0.75	10.0	0.8	0.3	0.5	0.001	0.5	2.0	5.0
305	120.0	0.75	10.0	0.8	0.3	0.5	0.001	0.5	2.0	5.0
306	60.0	0.25	15.0	0.8	0.3	0.5	0.001	0.5	2.0	5.0
307	120.0	0.25	15.0	0.8	0.3	0.5	0.001	0.5	2.0	5.0
308	60.0	0.5	15.0	0.8	0.3	0.5	0.001	0.5	2.0	5.0
309	120.0	0.5	15.0	0.8	0.3	0.5	0.001	0.5	2.0	5.0
310	60.0	0.75	15.0	0.8	0.3	0.5	0.001	0.5	2.0	5.0
311	120.0	0.75	15.0	0.8	0.3	0.5	0.001	0.5	2.0	5.0
312	60.0	0.25	10.0	0.5	5.0	0.75	0.001	0.5	2.0	5.0
313	120.0	0.25	10.0	0.5	5.0	0.75	0.001	0.5	2.0	5.0
314	60.0	0.5	10.0	0.5	5.0	0.75	0.001	0.5	2.0	5.0
315	120.0	0.5	10.0	0.5	5.0	0.75	0.001	0.5	2.0	5.0
316	60.0	0.75	10.0	0.5	5.0	0.75	0.001	0.5	2.0	5.0
317	120.0	0.75	10.0	0.5	5.0	0.75	0.001	0.5	2.0	5.0
318	60.0	0.25	15.0	0.5	5.0	0.75	0.001	0.5	2.0	5.0
319	120.0	0.25	15.0	0.5	5.0	0.75	0.001	0.5	2.0	5.0
320	60.0	0.5	15.0	0.5	5.0	0.75	0.001	0.5	2.0	5.0
321	120.0	0.5	15.0	0.5	5.0	0.75	0.001	0.5	2.0	5.0
322	60.0	0.75	15.0	0.5	5.0	0.75	0.001	0.5	2.0	5.0
323	120.0	0.75	15.0	0.5	5.0	0.75	0.001	0.5	2.0	5.0
324	60.0	0.25	10.0	0.8	5.0	0.75	0.001	0.5	2.0	5.0
325	120.0	0.25	10.0	0.8	5.0	0.75	0.001	0.5	2.0	5.0
326	60.0	0.5	10.0	0.8	5.0	0.75	0.001	0.5	2.0	5.0
327	120.0	0.5	10.0	0.8	5.0	0.75	0.001	0.5	2.0	5.0
328	60.0	0.75	10.0	0.8	5.0	0.75	0.001	0.5	2.0	5.0
329	120.0	0.75	10.0	0.8	5.0	0.75	0.001	0.5	2.0	5.0
330	60.0	0.25	15.0	0.8	5.0	0.75	0.001	0.5	2.0	5.0
331	120.0	0.25	15.0	0.8	5.0	0.75	0.001	0.5	2.0	5.0
332	60.0	0.5	15.0	0.8	5.0	0.75	0.001	0.5	2.0	5.0
333	120.0	0.5	15.0	0.8	5.0	0.75	0.001	0.5	2.0	5.0
334	60.0	0.75	15.0	0.8	5.0	0.75	0.001	0.5	2.0	5.0
335	120.0	0.75	15.0	0.8	5.0	0.75	0.001	0.5	2.0	5.0
336	60.0	0.25	10.0	0.5	0.3	0.5	0.003	0.5	2.0	5.0
337	120.0	0.25	10.0	0.5	0.3	0.5	0.003	0.5	2.0	5.0
338	60.0	0.5	10.0	0.5	0.3	0.5	0.003	0.5	2.0	5.0
339	120.0	0.5	10.0	0.5	0.3	0.5	0.003	0.5	2.0	5.0
340	60.0	0.75	10.0	0.5	0.3	0.5	0.003	0.5	2.0	5.0
341	120.0	0.75	10.0	0.5	0.3	0.5	0.003	0.5	2.0	5.0
342	60.0	0.25	15.0	0.5	0.3	0.5	0.003	0.5	2.0	5.0
343	120.0	0.25	15.0	0.5	0.3	0.5	0.003	0.5	2.0	5.0
344	60.0	0.5	15.0	0.5	0.3	0.5	0.003	0.5	2.0	5.0
345	120.0	0.5	15.0	0.5	0.3	0.5	0.003	0.5	2.0	5.0
346	60.0	0.75	15.0	0.5	0.3	0.5	0.003	0.5	2.0	5.0
347	120.0	0.75	15.0	0.5	0.3	0.5	0.003	0.5	2.0	5.0
348	60.0	0.25	10.0	0.8	0.3	0.5	0.003	0.5	2.0	5.0
349	120.0	0.25	10.0	0.8	0.3	0.5	0.003	0.5	2.0	5.0
350	60.0	0.5	10.0	0.8	0.3	0.5	0.003	0.5	2.0	5.0
351	120.0	0.5	10.0	0.8	0.3	0.5	0.003	0.5	2.0	5.0
352	60.0	0.75	10.0	0.8	0.3	0.5	0.003	0.5	2.0	5.0
353	120.0	0.75	10.0	0.8	0.3	0.5	0.003	0.5	2.0	5.0
354	60.0	0.25	15.0	0.8	0.3	0.5	0.003	0.5	2.0	5.0
355	120.0	0.25	15.0	0.8	0.3	0.5	0.003	0.5	2.0	5.0
356	60.0	0.5	15.0	0.8	0.3	0.5	0.003	0.5	2.0	5.0
357	120.0	0.5	15.0	0.8	0.3	0.5	0.003	0.5	2.0	5.0
358	60.0	0.75	15.0	0.8	0.3	0.5	0.003	0.5	2.0	5.0
359	120.0	0.75	15.0	0.8	0.3	0.5	0.003	0.5	2.0	5.0
360	60.0	0.25	10.0	0.5	5.0	0.75	0.003	0.5	2.0	5.0
361	120.0	0.25	10.0	0.5	5.0	0.75	0.003	0.5	2.0	5.0
362	60.0	0.5	10.0	0.5	5.0	0.75	0.003	0.5	2.0	5.0
363	120.0	0.5	10.0	0.5	5.0	0.75	0.003	0.5	2.0	5.0
364	60.0	0.75	10.0	0.5	5.0	0.75	0.003	0.5	2.0	5.0
365	120.0	0.75	10.0	0.5	5.0	0.75	0.003	0.5	2.0	5.0
366	60.0	0.25	15.0	0.5	5.0	0.75	0.003	0.5	2.0	5.0
367	120.0	0.25	15.0	0.5	5.0	0.75	0.003	0.5	2.0	5.0
368	60.0	0.5	15.0	0.5	5.0	0.75	0.003	0.5	2.0	5.0
369	120.0	0.5	15.0	0.5	5.0	0.75	0.003	0.5	2.0	5.0
370	60.0	0.75	15.0	0.5	5.0	0.75	0.003	0.5	2.0	5.0
371	120.0	0.75	15.0	0.5	5.0	0.75	0.003	0.5	2.0	5.0
372	60.0	0.25	10.0	0.8	5.0	0.75	0.003	0.5	2.0	5.0
373	120.0	0.25	10.0	0.8	5.0	0.75	0.003	0.5	2.0	5.0
374	60.0	0.5	10.0	0.8	5.0	0.75	0.003	0.5	2.0	5.0
375	120.0	0.5	10.0	0.8	5.0	0.75	0.003	0.5	2.0	5.0
376	60.0	0.75	10.0	0.8	5.0	0.75	0.003	0.5	2.0	5.0
377	120.0	0.75	10.0	0.8	5.0	0.75	0.003	0.5	2.0	5.0
378	60.0	0.25	15.0	0.8	5.0	0.75	0.003	0.5	2.0	5.0
379	120.0	0.25	15.0	0.8	5.0	0.75	0.003	0.5	2.0	5.0
380	60.0	0.5	15.0	0.8	5.0	0.75	0.003	0.5	2.0	5.0
381	120.0	0.5	15.0	0.8	5.0	0.75	0.003	0.5	2.0	5.0
382	60.0	0.75	15.0	0.8	5.0	0.75	0.003	0.5	2.0	5.0
383	120.0	0.75	15.0	0.8	5.0	0.75	0.003	0.5	2.0	5.0
384	60.0	0.25	10.0	0.5	0.3	0.5	0.005	0.5	2.0	5.0
385	120.0	0.25	10.0	0.5	0.3	0.5	0.005	0.5	2.0	5.0
386	60.0	0.5	10.0	0.5	0.3	0.5	0.005	0.5	2.0	5.0
387	120.0	0.5	10.0	0.5	0.3	0.5	0.005	0.5	2.0	5.0
388	60.0	0.75	10.0	0.5	0.3	0.5	0.005	0.5	2.0	5.0
389	120.0	0.75	10.0	0.5	0.3	0.5	0.005	0.5	2.0	5.0
390	60.0	0.25	15.0	0.5	0.3	0.5	0.005	0.5	2.0	5.0
391	120.0	0.25	15.0	0.5	0.3	0.5	0.005	0.5	2.0	5.0
392	60.0	0.5	15.0	0.5	0.3	0.5	0.005	0.5	2.0	5.0
393	120.0	0.5	15.0	0.5	0.3	0.5	0.005	0.5	2.0	5.0
394	60.0	0.75	15.0	0.5	0.3	0.5	0.005	0.5	2.0	5.0
395	120.0	0.75	15.0	0.5	0.3	0.5	0.005	0.5	2.0	5.0
396	60.0	0.25	10.0	0.8	0.3	0.5	0.005	0.5	2.0	5.0
397	120.0	0.25	10.0	0.8	0.3	0.5	0.005	0.5	2.0	5.0
398	60.0	0.5	10.0	0.8	0.3	0.5	0.005	0.5	2.0	5.0
399	120.0	0.5	10.0	0.8	0.3	0.5	0.005	0.5	2.0	5.0
400	60.0	0.75	10.0	0.8	0.3	0.5	0.005	0.5	2.0	5.0
401	120.0	0.75	10.0	0.8	0.3	0.5	0.005	0.5	2.0	5.0
402	60.0	0.25	15.0	0.8	0.3	0.5	0.005	0.5	2.0	5.0
403	120.0	0.25	15.0	0.8	0.3	0.5	0.005	0.5	2.0	5.0
404	60.0	0.5	15.0	0.8	0.3	0.5	0.005	0.5	2.0	5.0
405	120.0	0.5	15.0	0.8	0.3	0.5	0.005	0.5	2.0	5.0
406	60.0	0.75	15.0	0.8	0.3	0.5	0.005	0.5	2.0	5.0
407	120.0	0.75	15.0	0.8	0.3	0.5	0.005	0.5	2.0	5.0
408	60.0	0.25	10.0	0.5	5.0	0.75	0.005	0.5	2.0	5.0
409	120.0	0.25	10.0	0.5	5.0	0.75	0.005	0.5	2.0	5.0
410	60.0	0.5	10.0	0.5	5.0	0.75	0.005	0.5	2.0	5.0
411	120.0	0.5	10.0	0.5	5.0	0.75	0.005	0.5	2.0	5.0
412	60.0	0.75	10.0	0.5	5.0	0.75	0.005	0.5	2.0	5.0
413	120.0	0.75	10.0	0.5	5.0	0.75	0.005	0.5	2.0	5.0
414	60.0	0.25	15.0	0.5	5.0	0.75	0.005	0.5	2.0	5.0
415	120.0	0.25	15.0	0.5	5.0	0.75	0.005	0.5	2.0	5.0
416	60.0	0.5	15.0	0.5	5.0	0.75	0.005	0.5	2.0	5.0
417	120.0	0.5	15.0	0.5	5.0	0.75	0.005	0.5	2.0	5.0
418	60.0	0.75	15.0	0.5	5.0	0.75	0.005	0.5	2.0	5.0
419	120.0	0.75	15.0	0.5	5.0	0.75	0.005	0.5	2.0	5.0
420	60.0	0.25	10.0	0.8	5.0	0.75	0.005	0.5	2.0	5.0
421	120.0	0.25	10.0	0.8	5.0	0.75	0.005	0.5	2.0	5.0
422	60.0	0.5	10.0	0.8	5.0	0.75	0.005	0.5	2.0	5.0
423	120.0	0.5	10.0	0.8	5.0	0.75	0.005	0.5	2.0	5.0
424	60.0	0.75	10.0	0.8	5.0	0.75	0.005	0.5	2.0	5.0
425	120.0	0.75	10.0	0.8	5.0	0.75	0.005	0.5	2.0	5.0
426	60.0	0.25	15.0	0.8	5.0	0.75	0.005	0.5	2.0	5.0
427	120.0	0.25	15.0	0.8	5.0	0.75	0.005	0.5	2.0	5.0
428	60.0	0.5	15.0	0.8	5.0	0.75	0.005	0.5	2.0	5.0
429	120.0	0.5	15.0	0.8	5.0	0.75	0.005	0.5	2.0	5.0
430	60.0	0.75	15.0	0.8	5.0	0.75	0.005	0.5	2.0	5.0
431	120.0	0.75	15.0	0.8	5.0	0.75	0.005	0.5	2.0	5.0
432	60.0	0.25	10.0	0.5	0.3	0.5	0.001	0.1	5.0	10.0
433	120.0	0.25	10.0	0.5	0.3	0.5	0.001	0.1	5.0	10.0
434	60.0	0.5	10.0	0.5	0.3	0.5	0.001	0.1	5.0	10.0
435	120.0	0.5	10.0	0.5	0.3	0.5	0.001	0.1	5.0	10.0
436	60.0	0.75	10.0	0.5	0.3	0.5	0.001	0.1	5.0	10.0
437	120.0	0.75	10.0	0.5	0.3	0.5	0.001	0.1	5.0	10.0
438	60.0	0.25	15.0	0.5	0.3	0.5	0.001	0.1	5.0	10.0
439	120.0	0.25	15.0	0.5	0.3	0.5	0.001	0.1	5.0	10.0
440	60.0	0.5	15.0	0.5	0.3	0.5	0.001	0.1	5.0	10.0
441	120.0	0.5	15.0	0.5	0.3	0.5	0.001	0.1	5.0	10.0
442	60.0	0.75	15.0	0.5	0.3	0.5	0.001	0.1	5.0	10.0
443	120.0	0.75	15.0	0.5	0.3	0.5	0.001	0.1	5.0	10.0
444	60.0	0.25	10.0	0.8	0.3	0.5	0.001	0.1	5.0	10.0
445	120.0	0.25	10.0	0.8	0.3	0.5	0.001	0.1	5.0	10.0
446	60.0	0.5	10.0	0.8	0.3	0.5	0.001	0.1	5.0	10.0
447	120.0	0.5	10.0	0.8	0.3	0.5	0.001	0.1	5.0	10.0
448	60.0	0.75	10.0	0.8	0.3	0.5	0.001	0.1	5.0	10.0
449	120.0	0.75	10.0	0.8	0.3	0.5	0.001	0.1	5.0	10.0
450	60.0	0.25	15.0	0.8	0.3	0.5	0.001	0.1	5.0	10.0
451	120.0	0.25	15.0	0.8	0.3	0.5	0.001	0.1	5.0	10.0
452	60.0	0.5	15.0	0.8	0.3	0.5	0.001	0.1	5.0	10.0
453	120.0	0.5	15.0	0.8	0.3	0.5	0.001	0.1	5.0	10.0
454	60.0	0.75	15.0	0.8	0.3	0.5	0.001	0.1	5.0	10.0
455	120.0	0.75	15.0	0.8	0.3	0.5	0.001	0.1	5.0	10.0
456	60.0	0.25	10.0	0.5	5.0	0.75	0.001	0.1	5.0	10.0
457	120.0	0.25	10.0	0.5	5.0	0.75	0.001	0.1	5.0	10.0
458	60.0	0.5	10.0	0.5	5.0	0.75	0.001	0.1	5.0	10.0
459	120.0	0.5	10.0	0.5	5.0	0.75	0.001	0.1	5.0	10.0
460	60.0	0.75	10.0	0.5	5.0	0.75	0.001	0.1	5.0	10.0
461	120.0	0.75	10.0	0.5	5.0	0.75	0.001	0.1	5.0	10.0
462	60.0	0.25	15.0	0.5	5.0	0.75	0.001	0.1	5.0	10.0
463	120.0	0.25	15.0	0.5	5.0	0.75	0.001	0.1	5.0	10.0
464	60.0	0.5	15.0	0.5	5.0	0.75	0.001	0.1	5.0	10.0
465	120.0	0.5	15.0	0.5	5.0	0.75	0.001	0.1	5.0	10.0
466	60.0	0.75	15.0	0.5	5.0	0.75	0.001	0.1	5.0	10.0
467	120.0	0.75	15.0	0.5	5.0	0.75	0.001	0.1	5.0	10.0
468	60.0	0.25	10.0	0.8	5.0	0.75	0.001	0.1	5.0	10.0
469	120.0	0.25	10.0	0.8	5.0	0.75	0.001	0.1	5.0	10.0
470	60.0	0.5	10.0	0.8	5.0	0.75	0.001	0.1	5.0	10.0
471	120.0	0.5	10.0	0.8	5.0	0.75	0.001	0.1	5.0	10.0
472	60.0	0.75	10.0	0.8	5.0	0.75	0.001	0.1	5.0	10.0
473	120.0	0.75	10.0	0.8	5.0	0.75	0.001	0.1	5.0	10.0
474	60.0	0.25	15.0	0.8	5.0	0.75	0.001	0.1	5.0	10.0
475	120.0	0.25	15.0	0.8	5.0	0.75	0.001	0.1	5.0	10.0
476	60.0	0.5	15.0	0.8	5.0	0.75	0.001	0.1	5.0	10.0
477	120.0	0.5	15.0	0.8	5.0	0.75	0.001	0.1	5.0	10.0
478	60.0	0.75	15.0	0.8	5.0	0.75	0.001	0.1	5.0	10.0
479	120.0	0.75	15.0	0.8	5.0	0.75	0.001	0.1	5.0	10.0
480	60.0	0.25	10.0	0.5	0.3	0.5	0.003	0.1	5.0	10.0
481	120.0	0.25	10.0	0.5	0.3	0.5	0.003	0.1	5.0	10.0
482	60.0	0.5	10.0	0.5	0.3	0.5	0.003	0.1	5.0	10.0
483	120.0	0.5	10.0	0.5	0.3	0.5	0.003	0.1	5.0	10.0
484	60.0	0.75	10.0	0.5	0.3	0.5	0.003	0.1	5.0	10.0
485	120.0	0.75	10.0	0.5	0.3	0.5	0.003	0.1	5.0	10.0
486	60.0	0.25	15.0	0.5	0.3	0.5	0.003	0.1	5.0	10.0
487	120.0	0.25	15.0	0.5	0.3	0.5	0.003	0.1	5.0	10.0
488	60.0	0.5	15.0	0.5	0.3	0.5	0.003	0.1	5.0	10.0
489	120.0	0.5	15.0	0.5	0.3	0.5	0.003	0.1	5.0	10.0
490	60.0	0.75	15.0	0.5	0.3	0.5	0.003	0.1	5.0	10.0
491	120.0	0.75	15.0	0.5	0.3	0.5	0.003	0.1	5.0	10.0
492	60.0	0.25	10.0	0.8	0.3	0.5	0.003	0.1	5.0	10.0
493	120.0	0.25	10.0	0.8	0.3	0.5	0.003	0.1	5.0	10.0
494	60.0	0.5	10.0	0.8	0.3	0.5	0.003	0.1	5.0	10.0
495	120.0	0.5	10.0	0.8	0.3	0.5	0.003	0.1	5.0	10.0
496	60.0	0.75	10.0	0.8	0.3	0.5	0.003	0.1	5.0	10.0
497	120.0	0.75	10.0	0.8	0.3	0.5	0.003	0.1	5.0	10.0
498	60.0	0.25	15.0	0.8	0.3	0.5	0.003	0.1	5.0	10.0
499	120.0	0.25	15.0	0.8	0.3	0.5	0.003	0.1	5.0	10.0
500	60.0	0.5	15.0	0.8	0.3	0.5	0.003	0.1	5.0	10.0
501	120.0	0.5	15.0	0.8	0.3	0.5	0.003	0.1	5.0	10.0
502	60.0	0.75	15.0	0.8	0.3	0.5	0.003	0.1	5.0	10.0
503	120.0	0.75	15.0	0.8	0.3	0.5	0.003	0.1	5.0	10.0
504	60.0	0.25	10.0	0.5	5.0	0.75	0.003	0.1	5.0	10.0
505	120.0	0.25	10.0	0.5	5.0	0.75	0.003	0.1	5.0	10.0
506	60.0	0.5	10.0	0.5	5.0	0.75	0.003	0.1	5.0	10.0
507	120.0	0.5	10.0	0.5	5.0	0.75	0.003	0.1	5.0	10.0
508	60.0	0.75	10.0	0.5	5.0	0.75	0.003	0.1	5.0	10.0
509	120.0	0.75	10.0	0.5	5.0	0.75	0.003	0.1	5.0	10.0
510	60.0	0.25	15.0	0.5	5.0	0.75	0.003	0.1	5.0	10.0
511	120.0	0.25	15.0	0.5	5.0	0.75	0.003	0.1	5.0	10.0
512	60.0	0.5	15.0	0.5	5.0	0.75	0.003	0.1	5.0	10.0
513	120.0	0.5	15.0	0.5	5.0	0.75	0.003	0.1	5.0	10.0
514	60.0	0.75	15.0	0.5	5.0	0.75	0.003	0.1	5.0	10.0
515	120.0	0.75	15.0	0.5	5.0	0.75	0.003	0.1	5.0	10.0
516	60.0	0.25	10.0	0.8	5.0	0.75	0.003	0.1	5.0	10.0
517	120.0	0.25	10.0	0.8	5.0	0.75	0.003	0.1	5.0	10.0
518	60.0	0.5	10.0	0.8	5.0	0.75	0.003	0.1	5.0	10.0
519	120.0	0.5	10.0	0.8	5.0	0.75	0.003	0.1	5.0	10.0
520	60.0	0.75	10.0	0.8	5.0	0.75	0.003	0.1	5.0	10.0
521	120.0	0.75	10.0	0.8	5.0	0.75	0.003	0.1	5.0	10.0
522	60.0	0.25	15.0	0.8	5.0	0.75	0.003	0.1	5.0	10.0
523	120.0	0.25	15.0	0.8	5.0	0.75	0.003	0.1	5.0	10.0
524	60.0	0.5	15.0	0.8	5.0	0.75	0.003	0.1	5.0	10.0
525	120.0	0.5	15.0	0.8	5.0	0.75	0.003	0.1	5.0	10.0
526	60.0	0.75	15.0	0.8	5.0	0.75	0.003	0.1	5.0	10.0
527	120.0	0.75	15.0	0.8	5.0	0.75	0.003	0.1	5.0	10.0
528	60.0	0.25	10.0	0.5	0.3	0.5	0.005	0.1	5.0	10.0
529	120.0	0.25	10.0	0.5	0.3	0.5	0.005	0.1	5.0	10.0
530	60.0	0.5	10.0	0.5	0.3	0.5	0.005	0.1	5.0	10.0
531	120.0	0.5	10.0	0.5	0.3	0.5	0.005	0.1	5.0	10.0
532	60.0	0.75	10.0	0.5	0.3	0.5	0.005	0.1	5.0	10.0
533	120.0	0.75	10.0	0.5	0.3	0.5	0.005	0.1	5.0	10.0
534	60.0	0.25	15.0	0.5	0.3	0.5	0.005	0.1	5.0	10.0
535	120.0	0.25	15.0	0.5	0.3	0.5	0.005	0.1	5.0	10.0
536	60.0	0.5	15.0	0.5	0.3	0.5	0.005	0.1	5.0	10.0
537	120.0	0.5	15.0	0.5	0.3	0.5	0.005	0.1	5.0	10.0
538	60.0	0.75	15.0	0.5	0.3	0.5	0.005	0.1	5.0	10.0
539	120.0	0.75	15.0	0.5	0.3	0.5	0.005	0.1	5.0	10.0
540	60.0	0.25	10.0	0.8	0.3	0.5	0.005	0.1	5.0	10.0
541	120.0	0.25	10.0	0.8	0.3	0.5	0.005	0.1	5.0	10.0
542	60.0	0.5	10.0	0.8	0.3	0.5	0.005	0.1	5.0	10.0
543	120.0	0.5	10.0	0.8	0.3	0.5	0.005	0.1	5.0	10.0
544	60.0	0.75	10.0	0.8	0.3	0.5	0.005	0.1	5.0	10.0
545	120.0	0.75	10.0	0.8	0.3	0.5	0.005	0.1	5.0	10.0
546	60.0	0.25	15.0	0.8	0.3	0.5	0.005	0.1	5.0	10.0
547	120.0	0.25	15.0	0.8	0.3	0.5	0.005	0.1	5.0	10.0
548	60.0	0.5	15.0	0.8	0.3	0.5	0.005	0.1	5.0	10.0
549	120.0	0.5	15.0	0.8	0.3	0.5	0.005	0.1	5.0	10.0
550	60.0	0.75	15.0	0.8	0.3	0.5	0.005	0.1	5.0	10.0
551	120.0	0.75	15.0	0.8	0.3	0.5	0.005	0.1	5.0	10.0
552	60.0	0.25	10.0	0.5	5.0	0.75	0.005	0.1	5.0	10.0
553	120.0	0.25	10.0	0.5	5.0	0.75	0.005	0.1	5.0	10.0
554	60.0	0.5	10.0	0.5	5.0	0.75	0.005	0.1	5.0	10.0
555	120.0	0.5	10.0	0.5	5.0	0.75	0.005	0.1	5.0	10.0
556	60.0	0.75	10.0	0.5	5.0	0.75	0.005	0.1	5.0	10.0
557	120.0	0.75	10.0	0.5	5.0	0.75	0.005	0.1	5.0	10.0
558	60.0	0.25	15.0	0.5	5.0	0.75	0.005	0.1	5.0	10.0
559	120.0	0.25	15.0	0.5	5.0	0.75	0.005	0.1	5.0	10.0
560	60.0	0.5	15.0	0.5	5.0	0.75	0.005	0.1	5.0	10.0
561	120.0	0.5	15.0	0.5	5.0	0.75	0.005	0.1	5.0	10.0
562	60.0	0.75	15.0	0.5	5.0	0.75	0.005	0.1	5.0	10.0
563	120.0	0.75	15.0	0.5	5.0	0.75	0.005	0.1	5.0	10.0
564	60.0	0.25	10.0	0.8	5.0	0.75	0.005	0.1	5.0	10.0
565	120.0	0.25	10.0	0.8	5.0	0.75	0.005	0.1	5.0	10.0
566	60.0	0.5	10.0	0.8	5.0	0.75	0.005	0.1	5.0	10.0
567	120.0	0.5	10.0	0.8	5.0	0.75	0.005	0.1	5.0	10.0
568	60.0	0.75	10.0	0.8	5.0	0.75	0.005	0.1	5.0	10.0
569	120.0	0.75	10.0	0.8	5.0	0.75	0.005	0.1	5.0	10.0
570	60.0	0.25	15.0	0.8	5.0	0.75	0.005	0.1	5.0	10.0
571	120.0	0.25	15.0	0.8	5.0	0.75	0.005	0.1	5.0	10.0
572	60.0	0.5	15.0	0.8	5.0	0.75	0.005	0.1	5.0	10.0
573	120.0	0.5	15.0	0.8	5.0	0.75	0.005	0.1	5.0	10.0
574	60.0	0.75	15.0	0.8	5.0	0.75	0.005	0.1	5.0	10.0
575	120.0	0.75	15.0	0.8	5.0	0.75	0.005	0.1	5.0	10.0
576	60.0	0.25	10.0	0.5	0.3	0.5	0.001	0.2	5.0	10.0
577	120.0	0.25	10.0	0.5	0.3	0.5	0.001	0.2	5.0	10.0
578	60.0	0.5	10.0	0.5	0.3	0.5	0.001	0.2	5.0	10.0
579	120.0	0.5	10.0	0.5	0.3	0.5	0.001	0.2	5.0	10.0
580	60.0	0.75	10.0	0.5	0.3	0.5	0.001	0.2	5.0	10.0
581	120.0	0.75	10.0	0.5	0.3	0.5	0.001	0.2	5.0	10.0
582	60.0	0.25	15.0	0.5	0.3	0.5	0.001	0.2	5.0	10.0
583	120.0	0.25	15.0	0.5	0.3	0.5	0.001	0.2	5.0	10.0
584	60.0	0.5	15.0	0.5	0.3	0.5	0.001	0.2	5.0	10.0
585	120.0	0.5	15.0	0.5	0.3	0.5	0.001	0.2	5.0	10.0
586	60.0	0.75	15.0	0.5	0.3	0.5	0.001	0.2	5.0	10.0
587	120.0	0.75	15.0	0.5	0.3	0.5	0.001	0.2	5.0	10.0
588	60.0	0.25	10.0	0.8	0.3	0.5	0.001	0.2	5.0	10.0
589	120.0	0.25	10.0	0.8	0.3	0.5	0.001	0.2	5.0	10.0
590	60.0	0.5	10.0	0.8	0.3	0.5	0.001	0.2	5.0	10.0
591	120.0	0.5	10.0	0.8	0.3	0.5	0.001	0.2	5.0	10.0
592	60.0	0.75	10.0	0.8	0.3	0.5	0.001	0.2	5.0	10.0
593	120.0	0.75	10.0	0.8	0.3	0.5	0.001	0.2	5.0	10.0
594	60.0	0.25	15.0	0.8	0.3	0.5	0.001	0.2	5.0	10.0
595	120.0	0.25	15.0	0.8	0.3	0.5	0.001	0.2	5.0	10.0
596	60.0	0.5	15.0	0.8	0.3	0.5	0.001	0.2	5.0	10.0
597	120.0	0.5	15.0	0.8	0.3	0.5	0.001	0.2	5.0	10.0
598	60.0	0.75	15.0	0.8	0.3	0.5	0.001	0.2	5.0	10.0
599	120.0	0.75	15.0	0.8	0.3	0.5	0.001	0.2	5.0	10.0
600	60.0	0.25	10.0	0.5	5.0	0.75	0.001	0.2	5.0	10.0
601	120.0	0.25	10.0	0.5	5.0	0.75	0.001	0.2	5.0	10.0
602	60.0	0.5	10.0	0.5	5.0	0.75	0.001	0.2	5.0	10.0
603	120.0	0.5	10.0	0.5	5.0	0.75	0.001	0.2	5.0	10.0
604	60.0	0.75	10.0	0.5	5.0	0.75	0.001	0.2	5.0	10.0
605	120.0	0.75	10.0	0.5	5.0	0.75	0.001	0.2	5.0	10.0
606	60.0	0.25	15.0	0.5	5.0	0.75	0.001	0.2	5.0	10.0
607	120.0	0.25	15.0	0.5	5.0	0.75	0.001	0.2	5.0	10.0
608	60.0	0.5	15.0	0.5	5.0	0.75	0.001	0.2	5.0	10.0
609	120.0	0.5	15.0	0.5	5.0	0.75	0.001	0.2	5.0	10.0
610	60.0	0.75	15.0	0.5	5.0	0.75	0.001	0.2	5.0	10.0
611	120.0	0.75	15.0	0.5	5.0	0.75	0.001	0.2	5.0	10.0
612	60.0	0.25	10.0	0.8	5.0	0.75	0.001	0.2	5.0	10.0
613	120.0	0.25	10.0	0.8	5.0	0.75	0.001	0.2	5.0	10.0
614	60.0	0.5	10.0	0.8	5.0	0.75	0.001	0.2	5.0	10.0
615	120.0	0.5	10.0	0.8	5.0	0.75	0.001	0.2	5.0	10.0
616	60.0	0.75	10.0	0.8	5.0	0.75	0.001	0.2	5.0	10.0
617	120.0	0.75	10.0	0.8	5.0	0.75	0.001	0.2	5.0	10.0
618	60.0	0.25	15.0	0.8	5.0	0.75	0.001	0.2	5.0	10.0
619	120.0	0.25	15.0	0.8	5.0	0.75	0.001	0.2	5.0	10.0
620	60.0	0.5	15.0	0.8	5.0	0.75	0.001	0.2	5.0	10.0
621	120.0	0.5	15.0	0.8	5.0	0.75	0.001	0.2	5.0	10.0
623	120.0	0.75	15.0	0.8	5.0	0.75	0.001	0.2	5.0	10.0
624	60.0	0.25	10.0	0.5	0.3	0.5	0.003	0.2	5.0	10.0
5	120.0	0.75	10.0	0.5	0.3	0.5	0.001	0.1	2.0	5.0
6	60.0	0.25	15.0	0.5	0.3	0.5	0.001	0.1	2.0	5.0
0	60.0	0.25	10.0	0.5	0.3	0.5	0.001	0.1	2.0	5.0
2	60.0	0.5	10.0	0.5	0.3	0.5	0.001	0.1	2.0	5.0
7	120.0	0.25	15.0	0.5	0.3	0.5	0.001	0.1	2.0	5.0
4	60.0	0.75	10.0	0.5	0.3	0.5	0.001	0.1	2.0	5.0
1	120.0	0.25	10.0	0.5	0.3	0.5	0.001	0.1	2.0	5.0
3	120.0	0.5	10.0	0.5	0.3	0.5	0.001	0.1	2.0	5.0
13	120.0	0.25	10.0	0.8	0.3	0.5	0.001	0.1	2.0	5.0
12	60.0	0.25	10.0	0.8	0.3	0.5	0.001	0.1	2.0	5.0
10	60.0	0.75	15.0	0.5	0.3	0.5	0.001	0.1	2.0	5.0
8	60.0	0.5	15.0	0.5	0.3	0.5	0.001	0.1	2.0	5.0
11	120.0	0.75	15.0	0.5	0.3	0.5	0.001	0.1	2.0	5.0
14	60.0	0.5	10.0	0.8	0.3	0.5	0.001	0.1	2.0	5.0
9	120.0	0.5	15.0	0.5	0.3	0.5	0.001	0.1	2.0	5.0
18	60.0	0.25	15.0	0.8	0.3	0.5	0.001	0.1	2.0	5.0
16	60.0	0.75	10.0	0.8	0.3	0.5	0.001	0.1	2.0	5.0
21	120.0	0.5	15.0	0.8	0.3	0.5	0.001	0.1	2.0	5.0
24	60.0	0.25	10.0	0.5	5.0	0.75	0.001	0.1	2.0	5.0
19	120.0	0.25	15.0	0.8	0.3	0.5	0.001	0.1	2.0	5.0
23	120.0	0.75	15.0	0.8	0.3	0.5	0.001	0.1	2.0	5.0
20	60.0	0.5	15.0	0.8	0.3	0.5	0.001	0.1	2.0	5.0
15	120.0	0.5	10.0	0.8	0.3	0.5	0.001	0.1	2.0	5.0
28	60.0	0.75	10.0	0.5	5.0	0.75	0.001	0.1	2.0	5.0
26	60.0	0.5	10.0	0.5	5.0	0.75	0.001	0.1	2.0	5.0
22	60.0	0.75	15.0	0.8	0.3	0.5	0.001	0.1	2.0	5.0
25	120.0	0.25	10.0	0.5	5.0	0.75	0.001	0.1	2.0	5.0
17	120.0	0.75	10.0	0.8	0.3	0.5	0.001	0.1	2.0	5.0
29	120.0	0.75	10.0	0.5	5.0	0.75	0.001	0.1	2.0	5.0
31	120.0	0.25	15.0	0.5	5.0	0.75	0.001	0.1	2.0	5.0
32	60.0	0.5	15.0	0.5	5.0	0.75	0.001	0.1	2.0	5.0
34	60.0	0.75	15.0	0.5	5.0	0.75	0.001	0.1	2.0	5.0
27	120.0	0.5	10.0	0.5	5.0	0.75	0.001	0.1	2.0	5.0
30	60.0	0.25	15.0	0.5	5.0	0.75	0.001	0.1	2.0	5.0
36	60.0	0.25	10.0	0.8	5.0	0.75	0.001	0.1	2.0	5.0
37	120.0	0.25	10.0	0.8	5.0	0.75	0.001	0.1	2.0	5.0
33	120.0	0.5	15.0	0.5	5.0	0.75	0.001	0.1	2.0	5.0
38	60.0	0.5	10.0	0.8	5.0	0.75	0.001	0.1	2.0	5.0
39	120.0	0.5	10.0	0.8	5.0	0.75	0.001	0.1	2.0	5.0
42	60.0	0.25	15.0	0.8	5.0	0.75	0.001	0.1	2.0	5.0
40	60.0	0.75	10.0	0.8	5.0	0.75	0.001	0.1	2.0	5.0
45	120.0	0.5	15.0	0.8	5.0	0.75	0.001	0.1	2.0	5.0
41	120.0	0.75	10.0	0.8	5.0	0.75	0.001	0.1	2.0	5.0
44	60.0	0.5	15.0	0.8	5.0	0.75	0.001	0.1	2.0	5.0
35	120.0	0.75	15.0	0.5	5.0	0.75	0.001	0.1	2.0	5.0
43	120.0	0.25	15.0	0.8	5.0	0.75	0.001	0.1	2.0	5.0
49	120.0	0.25	10.0	0.5	0.3	0.5	0.003	0.1	2.0	5.0
47	120.0	0.75	15.0	0.8	5.0	0.75	0.001	0.1	2.0	5.0
48	60.0	0.25	10.0	0.5	0.3	0.5	0.003	0.1	2.0	5.0
46	60.0	0.75	15.0	0.8	5.0	0.75	0.001	0.1	2.0	5.0
51	120.0	0.5	10.0	0.5	0.3	0.5	0.003	0.1	2.0	5.0
50	60.0	0.5	10.0	0.5	0.3	0.5	0.003	0.1	2.0	5.0
52	60.0	0.75	10.0	0.5	0.3	0.5	0.003	0.1	2.0	5.0
54	60.0	0.25	15.0	0.5	0.3	0.5	0.003	0.1	2.0	5.0
55	120.0	0.25	15.0	0.5	0.3	0.5	0.003	0.1	2.0	5.0
53	120.0	0.75	10.0	0.5	0.3	0.5	0.003	0.1	2.0	5.0
56	60.0	0.5	15.0	0.5	0.3	0.5	0.003	0.1	2.0	5.0
57	120.0	0.5	15.0	0.5	0.3	0.5	0.003	0.1	2.0	5.0
60	60.0	0.25	10.0	0.8	0.3	0.5	0.003	0.1	2.0	5.0
61	120.0	0.25	10.0	0.8	0.3	0.5	0.003	0.1	2.0	5.0
59	120.0	0.75	15.0	0.5	0.3	0.5	0.003	0.1	2.0	5.0
58	60.0	0.75	15.0	0.5	0.3	0.5	0.003	0.1	2.0	5.0
63	120.0	0.5	10.0	0.8	0.3	0.5	0.003	0.1	2.0	5.0
62	60.0	0.5	10.0	0.8	0.3	0.5	0.003	0.1	2.0	5.0
64	60.0	0.75	10.0	0.8	0.3	0.5	0.003	0.1	2.0	5.0
66	60.0	0.25	15.0	0.8	0.3	0.5	0.003	0.1	2.0	5.0
67	120.0	0.25	15.0	0.8	0.3	0.5	0.003	0.1	2.0	5.0
65	120.0	0.75	10.0	0.8	0.3	0.5	0.003	0.1	2.0	5.0
68	60.0	0.5	15.0	0.8	0.3	0.5	0.003	0.1	2.0	5.0
69	120.0	0.5	15.0	0.8	0.3	0.5	0.003	0.1	2.0	5.0
74	60.0	0.5	10.0	0.5	5.0	0.75	0.003	0.1	2.0	5.0
70	60.0	0.75	15.0	0.8	0.3	0.5	0.003	0.1	2.0	5.0
73	120.0	0.25	10.0	0.5	5.0	0.75	0.003	0.1	2.0	5.0
75	120.0	0.5	10.0	0.5	5.0	0.75	0.003	0.1	2.0	5.0
72	60.0	0.25	10.0	0.5	5.0	0.75	0.003	0.1	2.0	5.0
71	120.0	0.75	15.0	0.8	0.3	0.5	0.003	0.1	2.0	5.0
76	60.0	0.75	10.0	0.5	5.0	0.75	0.003	0.1	2.0	5.0
79	120.0	0.25	15.0	0.5	5.0	0.75	0.003	0.1	2.0	5.0
77	120.0	0.75	10.0	0.5	5.0	0.75	0.003	0.1	2.0	5.0
78	60.0	0.25	15.0	0.5	5.0	0.75	0.003	0.1	2.0	5.0
80	60.0	0.5	15.0	0.5	5.0	0.75	0.003	0.1	2.0	5.0
82	60.0	0.75	15.0	0.5	5.0	0.75	0.003	0.1	2.0	5.0
84	60.0	0.25	10.0	0.8	5.0	0.75	0.003	0.1	2.0	5.0
83	120.0	0.75	15.0	0.5	5.0	0.75	0.003	0.1	2.0	5.0
85	120.0	0.25	10.0	0.8	5.0	0.75	0.003	0.1	2.0	5.0
81	120.0	0.5	15.0	0.5	5.0	0.75	0.003	0.1	2.0	5.0
86	60.0	0.5	10.0	0.8	5.0	0.75	0.003	0.1	2.0	5.0
88	60.0	0.75	10.0	0.8	5.0	0.75	0.003	0.1	2.0	5.0
87	120.0	0.5	10.0	0.8	5.0	0.75	0.003	0.1	2.0	5.0
90	60.0	0.25	15.0	0.8	5.0	0.75	0.003	0.1	2.0	5.0
91	120.0	0.25	15.0	0.8	5.0	0.75	0.003	0.1	2.0	5.0
89	120.0	0.75	10.0	0.8	5.0	0.75	0.003	0.1	2.0	5.0
92	60.0	0.5	15.0	0.8	5.0	0.75	0.003	0.1	2.0	5.0
93	120.0	0.5	15.0	0.8	5.0	0.75	0.003	0.1	2.0	5.0
94	60.0	0.75	15.0	0.8	5.0	0.75	0.003	0.1	2.0	5.0
96	60.0	0.25	10.0	0.5	0.3	0.5	0.005	0.1	2.0	5.0
95	120.0	0.75	15.0	0.8	5.0	0.75	0.003	0.1	2.0	5.0
97	120.0	0.25	10.0	0.5	0.3	0.5	0.005	0.1	2.0	5.0
98	60.0	0.5	10.0	0.5	0.3	0.5	0.005	0.1	2.0	5.0
99	120.0	0.5	10.0	0.5	0.3	0.5	0.005	0.1	2.0	5.0
100	60.0	0.75	10.0	0.5	0.3	0.5	0.005	0.1	2.0	5.0
102	60.0	0.25	15.0	0.5	0.3	0.5	0.005	0.1	2.0	5.0
101	120.0	0.75	10.0	0.5	0.3	0.5	0.005	0.1	2.0	5.0
103	120.0	0.25	15.0	0.5	0.3	0.5	0.005	0.1	2.0	5.0
104	60.0	0.5	15.0	0.5	0.3	0.5	0.005	0.1	2.0	5.0
105	120.0	0.5	15.0	0.5	0.3	0.5	0.005	0.1	2.0	5.0
108	60.0	0.25	10.0	0.8	0.3	0.5	0.005	0.1	2.0	5.0
106	60.0	0.75	15.0	0.5	0.3	0.5	0.005	0.1	2.0	5.0
109	120.0	0.25	10.0	0.8	0.3	0.5	0.005	0.1	2.0	5.0
107	120.0	0.75	15.0	0.5	0.3	0.5	0.005	0.1	2.0	5.0
110	60.0	0.5	10.0	0.8	0.3	0.5	0.005	0.1	2.0	5.0
111	120.0	0.5	10.0	0.8	0.3	0.5	0.005	0.1	2.0	5.0
114	60.0	0.25	15.0	0.8	0.3	0.5	0.005	0.1	2.0	5.0
112	60.0	0.75	10.0	0.8	0.3	0.5	0.005	0.1	2.0	5.0
115	120.0	0.25	15.0	0.8	0.3	0.5	0.005	0.1	2.0	5.0
113	120.0	0.75	10.0	0.8	0.3	0.5	0.005	0.1	2.0	5.0
116	60.0	0.5	15.0	0.8	0.3	0.5	0.005	0.1	2.0	5.0
117	120.0	0.5	15.0	0.8	0.3	0.5	0.005	0.1	2.0	5.0
120	60.0	0.25	10.0	0.5	5.0	0.75	0.005	0.1	2.0	5.0
118	60.0	0.75	15.0	0.8	0.3	0.5	0.005	0.1	2.0	5.0
121	120.0	0.25	10.0	0.5	5.0	0.75	0.005	0.1	2.0	5.0
119	120.0	0.75	15.0	0.8	0.3	0.5	0.005	0.1	2.0	5.0
122	60.0	0.5	10.0	0.5	5.0	0.75	0.005	0.1	2.0	5.0
123	120.0	0.5	10.0	0.5	5.0	0.75	0.005	0.1	2.0	5.0
124	60.0	0.75	10.0	0.5	5.0	0.75	0.005	0.1	2.0	5.0
127	120.0	0.25	15.0	0.5	5.0	0.75	0.005	0.1	2.0	5.0
126	60.0	0.25	15.0	0.5	5.0	0.75	0.005	0.1	2.0	5.0
125	120.0	0.75	10.0	0.5	5.0	0.75	0.005	0.1	2.0	5.0
129	120.0	0.5	15.0	0.5	5.0	0.75	0.005	0.1	2.0	5.0
128	60.0	0.5	15.0	0.5	5.0	0.75	0.005	0.1	2.0	5.0
132	60.0	0.25	10.0	0.8	5.0	0.75	0.005	0.1	2.0	5.0
130	60.0	0.75	15.0	0.5	5.0	0.75	0.005	0.1	2.0	5.0
133	120.0	0.25	10.0	0.8	5.0	0.75	0.005	0.1	2.0	5.0
131	120.0	0.75	15.0	0.5	5.0	0.75	0.005	0.1	2.0	5.0
134	60.0	0.5	10.0	0.8	5.0	0.75	0.005	0.1	2.0	5.0
135	120.0	0.5	10.0	0.8	5.0	0.75	0.005	0.1	2.0	5.0
138	60.0	0.25	15.0	0.8	5.0	0.75	0.005	0.1	2.0	5.0
136	60.0	0.75	10.0	0.8	5.0	0.75	0.005	0.1	2.0	5.0
137	120.0	0.75	10.0	0.8	5.0	0.75	0.005	0.1	2.0	5.0
139	120.0	0.25	15.0	0.8	5.0	0.75	0.005	0.1	2.0	5.0
141	120.0	0.5	15.0	0.8	5.0	0.75	0.005	0.1	2.0	5.0
140	60.0	0.5	15.0	0.8	5.0	0.75	0.005	0.1	2.0	5.0
142	60.0	0.75	15.0	0.8	5.0	0.75	0.005	0.1	2.0	5.0
144	60.0	0.25	10.0	0.5	0.3	0.5	0.001	0.2	2.0	5.0
143	120.0	0.75	15.0	0.8	5.0	0.75	0.005	0.1	2.0	5.0
145	120.0	0.25	10.0	0.5	0.3	0.5	0.001	0.2	2.0	5.0
146	60.0	0.5	10.0	0.5	0.3	0.5	0.001	0.2	2.0	5.0
147	120.0	0.5	10.0	0.5	0.3	0.5	0.001	0.2	2.0	5.0
150	60.0	0.25	15.0	0.5	0.3	0.5	0.001	0.2	2.0	5.0
148	60.0	0.75	10.0	0.5	0.3	0.5	0.001	0.2	2.0	5.0
149	120.0	0.75	10.0	0.5	0.3	0.5	0.001	0.2	2.0	5.0
625	120.0	0.25	10.0	0.5	0.3	0.5	0.003	0.2	5.0	10.0
622	60.0	0.75	15.0	0.8	5.0	0.75	0.001	0.2	5.0	10.0
626	60.0	0.5	10.0	0.5	0.3	0.5	0.003	0.2	5.0	10.0
627	120.0	0.5	10.0	0.5	0.3	0.5	0.003	0.2	5.0	10.0
630	60.0	0.25	15.0	0.5	0.3	0.5	0.003	0.2	5.0	10.0
631	120.0	0.25	15.0	0.5	0.3	0.5	0.003	0.2	5.0	10.0
628	60.0	0.75	10.0	0.5	0.3	0.5	0.003	0.2	5.0	10.0
629	120.0	0.75	10.0	0.5	0.3	0.5	0.003	0.2	5.0	10.0
633	120.0	0.5	15.0	0.5	0.3	0.5	0.003	0.2	5.0	10.0
632	60.0	0.5	15.0	0.5	0.3	0.5	0.003	0.2	5.0	10.0
635	120.0	0.75	15.0	0.5	0.3	0.5	0.003	0.2	5.0	10.0
634	60.0	0.75	15.0	0.5	0.3	0.5	0.003	0.2	5.0	10.0
637	120.0	0.25	10.0	0.8	0.3	0.5	0.003	0.2	5.0	10.0
636	60.0	0.25	10.0	0.8	0.3	0.5	0.003	0.2	5.0	10.0
638	60.0	0.5	10.0	0.8	0.3	0.5	0.003	0.2	5.0	10.0
639	120.0	0.5	10.0	0.8	0.3	0.5	0.003	0.2	5.0	10.0
640	60.0	0.75	10.0	0.8	0.3	0.5	0.003	0.2	5.0	10.0
642	60.0	0.25	15.0	0.8	0.3	0.5	0.003	0.2	5.0	10.0
643	120.0	0.25	15.0	0.8	0.3	0.5	0.003	0.2	5.0	10.0
644	60.0	0.5	15.0	0.8	0.3	0.5	0.003	0.2	5.0	10.0
645	120.0	0.5	15.0	0.8	0.3	0.5	0.003	0.2	5.0	10.0
641	120.0	0.75	10.0	0.8	0.3	0.5	0.003	0.2	5.0	10.0
646	60.0	0.75	15.0	0.8	0.3	0.5	0.003	0.2	5.0	10.0
649	120.0	0.25	10.0	0.5	5.0	0.75	0.003	0.2	5.0	10.0
648	60.0	0.25	10.0	0.5	5.0	0.75	0.003	0.2	5.0	10.0
647	120.0	0.75	15.0	0.8	0.3	0.5	0.003	0.2	5.0	10.0
650	60.0	0.5	10.0	0.5	5.0	0.75	0.003	0.2	5.0	10.0
651	120.0	0.5	10.0	0.5	5.0	0.75	0.003	0.2	5.0	10.0
654	60.0	0.25	15.0	0.5	5.0	0.75	0.003	0.2	5.0	10.0
653	120.0	0.75	10.0	0.5	5.0	0.75	0.003	0.2	5.0	10.0
652	60.0	0.75	10.0	0.5	5.0	0.75	0.003	0.2	5.0	10.0
655	120.0	0.25	15.0	0.5	5.0	0.75	0.003	0.2	5.0	10.0
656	60.0	0.5	15.0	0.5	5.0	0.75	0.003	0.2	5.0	10.0
657	120.0	0.5	15.0	0.5	5.0	0.75	0.003	0.2	5.0	10.0
658	60.0	0.75	15.0	0.5	5.0	0.75	0.003	0.2	5.0	10.0
659	120.0	0.75	15.0	0.5	5.0	0.75	0.003	0.2	5.0	10.0
661	120.0	0.25	10.0	0.8	5.0	0.75	0.003	0.2	5.0	10.0
660	60.0	0.25	10.0	0.8	5.0	0.75	0.003	0.2	5.0	10.0
662	60.0	0.5	10.0	0.8	5.0	0.75	0.003	0.2	5.0	10.0
663	120.0	0.5	10.0	0.8	5.0	0.75	0.003	0.2	5.0	10.0
666	60.0	0.25	15.0	0.8	5.0	0.75	0.003	0.2	5.0	10.0
664	60.0	0.75	10.0	0.8	5.0	0.75	0.003	0.2	5.0	10.0
665	120.0	0.75	10.0	0.8	5.0	0.75	0.003	0.2	5.0	10.0
667	120.0	0.25	15.0	0.8	5.0	0.75	0.003	0.2	5.0	10.0
668	60.0	0.5	15.0	0.8	5.0	0.75	0.003	0.2	5.0	10.0
669	120.0	0.5	15.0	0.8	5.0	0.75	0.003	0.2	5.0	10.0
671	120.0	0.75	15.0	0.8	5.0	0.75	0.003	0.2	5.0	10.0
672	60.0	0.25	10.0	0.5	0.3	0.5	0.005	0.2	5.0	10.0
670	60.0	0.75	15.0	0.8	5.0	0.75	0.003	0.2	5.0	10.0
673	120.0	0.25	10.0	0.5	0.3	0.5	0.005	0.2	5.0	10.0
674	60.0	0.5	10.0	0.5	0.3	0.5	0.005	0.2	5.0	10.0
675	120.0	0.5	10.0	0.5	0.3	0.5	0.005	0.2	5.0	10.0
676	60.0	0.75	10.0	0.5	0.3	0.5	0.005	0.2	5.0	10.0
678	60.0	0.25	15.0	0.5	0.3	0.5	0.005	0.2	5.0	10.0
677	120.0	0.75	10.0	0.5	0.3	0.5	0.005	0.2	5.0	10.0
679	120.0	0.25	15.0	0.5	0.3	0.5	0.005	0.2	5.0	10.0
680	60.0	0.5	15.0	0.5	0.3	0.5	0.005	0.2	5.0	10.0
681	120.0	0.5	15.0	0.5	0.3	0.5	0.005	0.2	5.0	10.0
682	60.0	0.75	15.0	0.5	0.3	0.5	0.005	0.2	5.0	10.0
684	60.0	0.25	10.0	0.8	0.3	0.5	0.005	0.2	5.0	10.0
685	120.0	0.25	10.0	0.8	0.3	0.5	0.005	0.2	5.0	10.0
683	120.0	0.75	15.0	0.5	0.3	0.5	0.005	0.2	5.0	10.0
686	60.0	0.5	10.0	0.8	0.3	0.5	0.005	0.2	5.0	10.0
687	120.0	0.5	10.0	0.8	0.3	0.5	0.005	0.2	5.0	10.0
689	120.0	0.75	10.0	0.8	0.3	0.5	0.005	0.2	5.0	10.0
690	60.0	0.25	15.0	0.8	0.3	0.5	0.005	0.2	5.0	10.0
688	60.0	0.75	10.0	0.8	0.3	0.5	0.005	0.2	5.0	10.0
691	120.0	0.25	15.0	0.8	0.3	0.5	0.005	0.2	5.0	10.0
692	60.0	0.5	15.0	0.8	0.3	0.5	0.005	0.2	5.0	10.0
693	120.0	0.5	15.0	0.8	0.3	0.5	0.005	0.2	5.0	10.0
696	60.0	0.25	10.0	0.5	5.0	0.75	0.005	0.2	5.0	10.0
694	60.0	0.75	15.0	0.8	0.3	0.5	0.005	0.2	5.0	10.0
695	120.0	0.75	15.0	0.8	0.3	0.5	0.005	0.2	5.0	10.0
697	120.0	0.25	10.0	0.5	5.0	0.75	0.005	0.2	5.0	10.0
698	60.0	0.5	10.0	0.5	5.0	0.75	0.005	0.2	5.0	10.0
699	120.0	0.5	10.0	0.5	5.0	0.75	0.005	0.2	5.0	10.0
702	60.0	0.25	15.0	0.5	5.0	0.75	0.005	0.2	5.0	10.0
703	120.0	0.25	15.0	0.5	5.0	0.75	0.005	0.2	5.0	10.0
701	120.0	0.75	10.0	0.5	5.0	0.75	0.005	0.2	5.0	10.0
700	60.0	0.75	10.0	0.5	5.0	0.75	0.005	0.2	5.0	10.0
704	60.0	0.5	15.0	0.5	5.0	0.75	0.005	0.2	5.0	10.0
705	120.0	0.5	15.0	0.5	5.0	0.75	0.005	0.2	5.0	10.0
706	60.0	0.75	15.0	0.5	5.0	0.75	0.005	0.2	5.0	10.0
707	120.0	0.75	15.0	0.5	5.0	0.75	0.005	0.2	5.0	10.0
708	60.0	0.25	10.0	0.8	5.0	0.75	0.005	0.2	5.0	10.0
709	120.0	0.25	10.0	0.8	5.0	0.75	0.005	0.2	5.0	10.0
711	120.0	0.5	10.0	0.8	5.0	0.75	0.005	0.2	5.0	10.0
710	60.0	0.5	10.0	0.8	5.0	0.75	0.005	0.2	5.0	10.0
712	60.0	0.75	10.0	0.8	5.0	0.75	0.005	0.2	5.0	10.0
714	60.0	0.25	15.0	0.8	5.0	0.75	0.005	0.2	5.0	10.0
713	120.0	0.75	10.0	0.8	5.0	0.75	0.005	0.2	5.0	10.0
715	120.0	0.25	15.0	0.8	5.0	0.75	0.005	0.2	5.0	10.0
716	60.0	0.5	15.0	0.8	5.0	0.75	0.005	0.2	5.0	10.0
717	120.0	0.5	15.0	0.8	5.0	0.75	0.005	0.2	5.0	10.0
718	60.0	0.75	15.0	0.8	5.0	0.75	0.005	0.2	5.0	10.0
720	60.0	0.25	10.0	0.5	0.3	0.5	0.001	0.5	5.0	10.0
719	120.0	0.75	15.0	0.8	5.0	0.75	0.005	0.2	5.0	10.0
721	120.0	0.25	10.0	0.5	0.3	0.5	0.001	0.5	5.0	10.0
722	60.0	0.5	10.0	0.5	0.3	0.5	0.001	0.5	5.0	10.0
723	120.0	0.5	10.0	0.5	0.3	0.5	0.001	0.5	5.0	10.0
727	120.0	0.25	15.0	0.5	0.3	0.5	0.001	0.5	5.0	10.0
726	60.0	0.25	15.0	0.5	0.3	0.5	0.001	0.5	5.0	10.0
724	60.0	0.75	10.0	0.5	0.3	0.5	0.001	0.5	5.0	10.0
725	120.0	0.75	10.0	0.5	0.3	0.5	0.001	0.5	5.0	10.0
728	60.0	0.5	15.0	0.5	0.3	0.5	0.001	0.5	5.0	10.0
729	120.0	0.5	15.0	0.5	0.3	0.5	0.001	0.5	5.0	10.0
730	60.0	0.75	15.0	0.5	0.3	0.5	0.001	0.5	5.0	10.0
732	60.0	0.25	10.0	0.8	0.3	0.5	0.001	0.5	5.0	10.0
733	120.0	0.25	10.0	0.8	0.3	0.5	0.001	0.5	5.0	10.0
731	120.0	0.75	15.0	0.5	0.3	0.5	0.001	0.5	5.0	10.0
735	120.0	0.5	10.0	0.8	0.3	0.5	0.001	0.5	5.0	10.0
734	60.0	0.5	10.0	0.8	0.3	0.5	0.001	0.5	5.0	10.0
736	60.0	0.75	10.0	0.8	0.3	0.5	0.001	0.5	5.0	10.0
737	120.0	0.75	10.0	0.8	0.3	0.5	0.001	0.5	5.0	10.0
739	120.0	0.25	15.0	0.8	0.3	0.5	0.001	0.5	5.0	10.0
738	60.0	0.25	15.0	0.8	0.3	0.5	0.001	0.5	5.0	10.0
741	120.0	0.5	15.0	0.8	0.3	0.5	0.001	0.5	5.0	10.0
740	60.0	0.5	15.0	0.8	0.3	0.5	0.001	0.5	5.0	10.0
742	60.0	0.75	15.0	0.8	0.3	0.5	0.001	0.5	5.0	10.0
744	60.0	0.25	10.0	0.5	5.0	0.75	0.001	0.5	5.0	10.0
743	120.0	0.75	15.0	0.8	0.3	0.5	0.001	0.5	5.0	10.0
745	120.0	0.25	10.0	0.5	5.0	0.75	0.001	0.5	5.0	10.0
747	120.0	0.5	10.0	0.5	5.0	0.75	0.001	0.5	5.0	10.0
746	60.0	0.5	10.0	0.5	5.0	0.75	0.001	0.5	5.0	10.0
750	60.0	0.25	15.0	0.5	5.0	0.75	0.001	0.5	5.0	10.0
749	120.0	0.75	10.0	0.5	5.0	0.75	0.001	0.5	5.0	10.0
751	120.0	0.25	15.0	0.5	5.0	0.75	0.001	0.5	5.0	10.0
748	60.0	0.75	10.0	0.5	5.0	0.75	0.001	0.5	5.0	10.0
753	120.0	0.5	15.0	0.5	5.0	0.75	0.001	0.5	5.0	10.0
752	60.0	0.5	15.0	0.5	5.0	0.75	0.001	0.5	5.0	10.0
754	60.0	0.75	15.0	0.5	5.0	0.75	0.001	0.5	5.0	10.0
756	60.0	0.25	10.0	0.8	5.0	0.75	0.001	0.5	5.0	10.0
757	120.0	0.25	10.0	0.8	5.0	0.75	0.001	0.5	5.0	10.0
755	120.0	0.75	15.0	0.5	5.0	0.75	0.001	0.5	5.0	10.0
759	120.0	0.5	10.0	0.8	5.0	0.75	0.001	0.5	5.0	10.0
758	60.0	0.5	10.0	0.8	5.0	0.75	0.001	0.5	5.0	10.0
761	120.0	0.75	10.0	0.8	5.0	0.75	0.001	0.5	5.0	10.0
760	60.0	0.75	10.0	0.8	5.0	0.75	0.001	0.5	5.0	10.0
762	60.0	0.25	15.0	0.8	5.0	0.75	0.001	0.5	5.0	10.0
763	120.0	0.25	15.0	0.8	5.0	0.75	0.001	0.5	5.0	10.0
765	120.0	0.5	15.0	0.8	5.0	0.75	0.001	0.5	5.0	10.0
764	60.0	0.5	15.0	0.8	5.0	0.75	0.001	0.5	5.0	10.0
766	60.0	0.75	15.0	0.8	5.0	0.75	0.001	0.5	5.0	10.0
768	60.0	0.25	10.0	0.5	0.3	0.5	0.003	0.5	5.0	10.0
767	120.0	0.75	15.0	0.8	5.0	0.75	0.001	0.5	5.0	10.0
769	120.0	0.25	10.0	0.5	0.3	0.5	0.003	0.5	5.0	10.0
771	120.0	0.5	10.0	0.5	0.3	0.5	0.003	0.5	5.0	10.0
770	60.0	0.5	10.0	0.5	0.3	0.5	0.003	0.5	5.0	10.0
772	60.0	0.75	10.0	0.5	0.3	0.5	0.003	0.5	5.0	10.0
773	120.0	0.75	10.0	0.5	0.3	0.5	0.003	0.5	5.0	10.0
774	60.0	0.25	15.0	0.5	0.3	0.5	0.003	0.5	5.0	10.0
775	120.0	0.25	15.0	0.5	0.3	0.5	0.003	0.5	5.0	10.0
776	60.0	0.5	15.0	0.5	0.3	0.5	0.003	0.5	5.0	10.0
777	120.0	0.5	15.0	0.5	0.3	0.5	0.003	0.5	5.0	10.0
780	60.0	0.25	10.0	0.8	0.3	0.5	0.003	0.5	5.0	10.0
781	120.0	0.25	10.0	0.8	0.3	0.5	0.003	0.5	5.0	10.0
779	120.0	0.75	15.0	0.5	0.3	0.5	0.003	0.5	5.0	10.0
778	60.0	0.75	15.0	0.5	0.3	0.5	0.003	0.5	5.0	10.0
782	60.0	0.5	10.0	0.8	0.3	0.5	0.003	0.5	5.0	10.0
783	120.0	0.5	10.0	0.8	0.3	0.5	0.003	0.5	5.0	10.0
785	120.0	0.75	10.0	0.8	0.3	0.5	0.003	0.5	5.0	10.0
786	60.0	0.25	15.0	0.8	0.3	0.5	0.003	0.5	5.0	10.0
784	60.0	0.75	10.0	0.8	0.3	0.5	0.003	0.5	5.0	10.0
787	120.0	0.25	15.0	0.8	0.3	0.5	0.003	0.5	5.0	10.0
788	60.0	0.5	15.0	0.8	0.3	0.5	0.003	0.5	5.0	10.0
789	120.0	0.5	15.0	0.8	0.3	0.5	0.003	0.5	5.0	10.0
790	60.0	0.75	15.0	0.8	0.3	0.5	0.003	0.5	5.0	10.0
792	60.0	0.25	10.0	0.5	5.0	0.75	0.003	0.5	5.0	10.0
793	120.0	0.25	10.0	0.5	5.0	0.75	0.003	0.5	5.0	10.0
791	120.0	0.75	15.0	0.8	0.3	0.5	0.003	0.5	5.0	10.0
794	60.0	0.5	10.0	0.5	5.0	0.75	0.003	0.5	5.0	10.0
795	120.0	0.5	10.0	0.5	5.0	0.75	0.003	0.5	5.0	10.0
796	60.0	0.75	10.0	0.5	5.0	0.75	0.003	0.5	5.0	10.0
797	120.0	0.75	10.0	0.5	5.0	0.75	0.003	0.5	5.0	10.0
798	60.0	0.25	15.0	0.5	5.0	0.75	0.003	0.5	5.0	10.0
799	120.0	0.25	15.0	0.5	5.0	0.75	0.003	0.5	5.0	10.0
800	60.0	0.5	15.0	0.5	5.0	0.75	0.003	0.5	5.0	10.0
801	120.0	0.5	15.0	0.5	5.0	0.75	0.003	0.5	5.0	10.0
804	60.0	0.25	10.0	0.8	5.0	0.75	0.003	0.5	5.0	10.0
802	60.0	0.75	15.0	0.5	5.0	0.75	0.003	0.5	5.0	10.0
803	120.0	0.75	15.0	0.5	5.0	0.75	0.003	0.5	5.0	10.0
805	120.0	0.25	10.0	0.8	5.0	0.75	0.003	0.5	5.0	10.0
806	60.0	0.5	10.0	0.8	5.0	0.75	0.003	0.5	5.0	10.0
807	120.0	0.5	10.0	0.8	5.0	0.75	0.003	0.5	5.0	10.0
808	60.0	0.75	10.0	0.8	5.0	0.75	0.003	0.5	5.0	10.0
809	120.0	0.75	10.0	0.8	5.0	0.75	0.003	0.5	5.0	10.0
810	60.0	0.25	15.0	0.8	5.0	0.75	0.003	0.5	5.0	10.0
811	120.0	0.25	15.0	0.8	5.0	0.75	0.003	0.5	5.0	10.0
812	60.0	0.5	15.0	0.8	5.0	0.75	0.003	0.5	5.0	10.0
813	120.0	0.5	15.0	0.8	5.0	0.75	0.003	0.5	5.0	10.0
817	120.0	0.25	10.0	0.5	0.3	0.5	0.005	0.5	5.0	10.0
814	60.0	0.75	15.0	0.8	5.0	0.75	0.003	0.5	5.0	10.0
815	120.0	0.75	15.0	0.8	5.0	0.75	0.003	0.5	5.0	10.0
816	60.0	0.25	10.0	0.5	0.3	0.5	0.005	0.5	5.0	10.0
818	60.0	0.5	10.0	0.5	0.3	0.5	0.005	0.5	5.0	10.0
819	120.0	0.5	10.0	0.5	0.3	0.5	0.005	0.5	5.0	10.0
820	60.0	0.75	10.0	0.5	0.3	0.5	0.005	0.5	5.0	10.0
822	60.0	0.25	15.0	0.5	0.3	0.5	0.005	0.5	5.0	10.0
821	120.0	0.75	10.0	0.5	0.3	0.5	0.005	0.5	5.0	10.0
823	120.0	0.25	15.0	0.5	0.3	0.5	0.005	0.5	5.0	10.0
824	60.0	0.5	15.0	0.5	0.3	0.5	0.005	0.5	5.0	10.0
825	120.0	0.5	15.0	0.5	0.3	0.5	0.005	0.5	5.0	10.0
828	60.0	0.25	10.0	0.8	0.3	0.5	0.005	0.5	5.0	10.0
826	60.0	0.75	15.0	0.5	0.3	0.5	0.005	0.5	5.0	10.0
829	120.0	0.25	10.0	0.8	0.3	0.5	0.005	0.5	5.0	10.0
827	120.0	0.75	15.0	0.5	0.3	0.5	0.005	0.5	5.0	10.0
830	60.0	0.5	10.0	0.8	0.3	0.5	0.005	0.5	5.0	10.0
831	120.0	0.5	10.0	0.8	0.3	0.5	0.005	0.5	5.0	10.0
832	60.0	0.75	10.0	0.8	0.3	0.5	0.005	0.5	5.0	10.0
833	120.0	0.75	10.0	0.8	0.3	0.5	0.005	0.5	5.0	10.0
834	60.0	0.25	15.0	0.8	0.3	0.5	0.005	0.5	5.0	10.0
835	120.0	0.25	15.0	0.8	0.3	0.5	0.005	0.5	5.0	10.0
836	60.0	0.5	15.0	0.8	0.3	0.5	0.005	0.5	5.0	10.0
837	120.0	0.5	15.0	0.8	0.3	0.5	0.005	0.5	5.0	10.0
840	60.0	0.25	10.0	0.5	5.0	0.75	0.005	0.5	5.0	10.0
838	60.0	0.75	15.0	0.8	0.3	0.5	0.005	0.5	5.0	10.0
841	120.0	0.25	10.0	0.5	5.0	0.75	0.005	0.5	5.0	10.0
842	60.0	0.5	10.0	0.5	5.0	0.75	0.005	0.5	5.0	10.0
839	120.0	0.75	15.0	0.8	0.3	0.5	0.005	0.5	5.0	10.0
843	120.0	0.5	10.0	0.5	5.0	0.75	0.005	0.5	5.0	10.0
846	60.0	0.25	15.0	0.5	5.0	0.75	0.005	0.5	5.0	10.0
844	60.0	0.75	10.0	0.5	5.0	0.75	0.005	0.5	5.0	10.0
847	120.0	0.25	15.0	0.5	5.0	0.75	0.005	0.5	5.0	10.0
845	120.0	0.75	10.0	0.5	5.0	0.75	0.005	0.5	5.0	10.0
848	60.0	0.5	15.0	0.5	5.0	0.75	0.005	0.5	5.0	10.0
849	120.0	0.5	15.0	0.5	5.0	0.75	0.005	0.5	5.0	10.0
852	60.0	0.25	10.0	0.8	5.0	0.75	0.005	0.5	5.0	10.0
850	60.0	0.75	15.0	0.5	5.0	0.75	0.005	0.5	5.0	10.0
853	120.0	0.25	10.0	0.8	5.0	0.75	0.005	0.5	5.0	10.0
851	120.0	0.75	15.0	0.5	5.0	0.75	0.005	0.5	5.0	10.0
854	60.0	0.5	10.0	0.8	5.0	0.75	0.005	0.5	5.0	10.0
858	60.0	0.25	15.0	0.8	5.0	0.75	0.005	0.5	5.0	10.0
859	120.0	0.25	15.0	0.8	5.0	0.75	0.005	0.5	5.0	10.0
855	120.0	0.5	10.0	0.8	5.0	0.75	0.005	0.5	5.0	10.0
856	60.0	0.75	10.0	0.8	5.0	0.75	0.005	0.5	5.0	10.0
857	120.0	0.75	10.0	0.8	5.0	0.75	0.005	0.5	5.0	10.0
861	120.0	0.5	15.0	0.8	5.0	0.75	0.005	0.5	5.0	10.0
860	60.0	0.5	15.0	0.8	5.0	0.75	0.005	0.5	5.0	10.0
862	60.0	0.75	15.0	0.8	5.0	0.75	0.005	0.5	5.0	10.0
863	120.0	0.75	15.0	0.8	5.0	0.75	0.005	0.5	5.0	10.0
